0 6111
1 5491
2 6380
3 4706
4 458
5 6505
6 6965
7 2928
8 4985
9 4240
10 6465
11 4258
12 3451
13 3279
14 391
15 5710
16 2745
17 2142
18 1170
19 5045
20 3770
21 3613
22 2387
23 3547
24 4581
25 4674
26 4209
27 363
28 4299
29 6372
30 5355
31 4536
32 4968
33 1475
34 4348
35 3876
36 6220
37 4194
38 4044
39 1453
40 6102
41 7171
42 2147
43 6605
44 2161
45 1880
46 4236
47 4593
48 1465
49 5050
50 1435
51 609
52 7099
53 4392
54 3300
55 6700
56 3794
57 4781
58 934
59 5987
60 5978
61 3701
62 5455
63 2044
64 3132
65 2449
66 1386
67 5944
68 6611
69 6408
70 2327
71 400
72 6238
73 1824
74 3439
75 6126
76 63
77 4795
78 3718
79 7081
80 6231
81 1621
82 273
83 4075
84 4363
85 6233
86 158
87 7027
88 4077
89 7110
90 999
91 4809
92 2572
93 1423
94 5370
95 3086
96 1099
97 5334
98 5712
99 7074
100 4423
101 2636
102 7069
103 3869
104 6202
105 4420
106 6116
107 3838
108 2206
109 5582
110 6079
111 3544
112 5912
113 4614
114 5161
115 1735
116 6689
117 3302
118 5662
119 467
120 5732
121 7134
122 2350
123 6560
124 4548
125 2738
126 443
127 5468
128 754
129 4991
130 799
131 5857
132 4263
133 6659
134 5515
135 6307
136 354
137 727
138 4400
139 5827
140 2809
141 1157
142 5131
143 2929
144 6984
145 6986
146 5696
147 6682
148 282
149 2452
150 1183
151 6072
152 6688
153 1523
154 6482
155 2729
156 3071
157 2220
158 7106
159 6889
160 2552
161 3945
162 4189
163 2087
164 7042
165 2279
166 2054
167 5691
168 6062
169 4006
170 4429
171 2270
172 3052
173 1392
174 5527
175 987
176 3999
177 3886
178 605
179 1431
180 962
181 1660
182 3211
183 943
184 2520
185 5590
186 2292
187 3691
188 6337
189 337
190 6633
191 2862
192 4264
193 3284
194 3055
195 6309
196 6839
197 829
198 5162
199 6807
200 3657
201 5136
202 205
203 1499
204 3147
205 4861
206 457
207 3590
208 53
209 3292
210 4681
211 6511
212 2922
213 3262
214 4584
215 6129
216 5516
217 3890
218 1767
219 4382
220 431
221 546
222 3034
223 4732
224 4164
225 963
226 5925
227 1285
228 6884
229 3253
230 3580
231 6345
232 1264
233 2175
234 6802
235 3172
236 4948
237 2025
238 2300
239 2419
240 6626
241 5578
242 5807
243 4098
244 1198
245 839
246 2460
247 1719
248 3791
249 4279
250 2677
251 1742
252 6749
253 1823
254 4627
255 2345
256 3848
257 6459
258 986
259 4744
260 2289
261 1255
262 5103
263 3243
264 4341
265 3054
266 3810
267 5232
268 4565
269 4027
270 1349
271 251
272 4265
273 5110
274 6542
275 561
276 6239
277 2804
278 7135
279 909
280 6773
281 2123
282 5694
283 211
284 126
285 1729
286 1723
287 1815
288 3487
289 5619
290 5791
291 1440
292 2227
293 6529
294 1848
295 6075
296 6902
297 4662
298 6858
299 3494
300 3232
301 2613
302 7173
303 3592
304 5140
305 4439
306 3754
307 2332
308 4712
309 7013
310 5970
311 3643
312 155
313 5291
314 1728
315 241
316 6632
317 1924
318 2219
319 4100
320 500
321 1296
322 4091
323 2400
324 4894
325 6625
326 1343
327 4802
328 4042
329 895
330 7024
331 4966
332 5628
333 1234
334 5974
335 5955
336 932
337 6472
338 1534
339 6881
340 2690
341 1113
342 3156
343 30
344 4153
345 6390
346 6439
347 2336
348 1484
349 1262
350 5644
351 3171
352 118
353 4021
354 4267
355 3893
356 4309
357 3130
358 2491
359 6825
360 3162
361 2128
362 7169
363 5130
364 5432
365 5105
366 2823
367 5082
368 5404
369 797
370 6498
371 3488
372 5339
373 5212
374 5971
375 4619
376 1478
377 1619
378 5734
379 3732
380 196
381 4159
382 368
383 4073
384 6906
385 4488
386 756
387 5493
388 6528
389 1220
390 1925
391 5012
392 3222
393 4368
394 7017
395 1609
396 1849
397 4570
398 1132
399 3588
400 7094
401 3673
402 3289
403 321
404 3273
405 5116
406 4343
407 1846
408 5682
409 2085
410 4014
411 2096
412 3389
413 5585
414 2311
415 4891
416 6363
417 6674
418 1480
419 1551
420 1235
421 6712
422 581
423 7033
424 1587
425 1526
426 3255
427 6527
428 5565
429 6300
430 606
431 164
432 5959
433 4739
434 6644
435 6981
436 5015
437 894
438 2174
439 6392
440 3566
441 675
442 4157
443 792
444 1544
445 32
446 6251
447 6437
448 6716
449 3910
450 2785
451 1605
452 5897
453 1446
454 4606
455 4463
456 2762
457 3385
458 3151
459 2728
460 4797
461 5496
462 1368
463 3275
464 5537
465 7075
466 2672
467 4697
468 1599
469 982
470 3572
471 4321
472 4424
473 6423
474 5322
475 5385
476 1228
477 3107
478 4963
479 1739
480 6640
481 1109
482 2535
483 6901
484 752
485 2647
486 567
487 6034
488 4108
489 2831
490 5716
491 4172
492 7016
493 1516
494 36
495 1707
496 95
497 3400
498 6347
499 5540
500 7162
501 6398
502 1438
503 3225
504 1697
505 5397
506 6851
507 6242
508 3030
509 4118
510 3801
511 4241
512 543
513 3946
514 5475
515 2931
516 6927
517 4790
518 3311
519 2973
520 3904
521 3688
522 3734
523 6015
524 5231
525 677
526 4631
527 6759
528 1623
529 6782
530 2053
531 2970
532 6819
533 3074
534 6707
535 4451
536 4297
537 2921
538 2426
539 2871
540 1143
541 6316
542 323
543 576
544 6553
545 1602
546 5209
547 5964
548 1584
549 4824
550 3496
551 5848
552 3609
553 6693
554 5872
555 911
556 1411
557 1710
558 5612
559 3751
560 1424
561 746
562 6403
563 3779
564 1581
565 664
566 3053
567 2601
568 1260
569 6257
570 4568
571 1734
572 4362
573 4489
574 4352
575 4171
576 4058
577 6457
578 4212
579 6748
580 2624
581 4109
582 1063
583 1133
584 6346
585 2560
586 2493
587 7063
588 444
589 6828
590 571
591 971
592 5557
593 989
594 4637
595 1388
596 1037
597 2429
598 7010
599 6241
600 3390
601 2644
602 2264
603 4992
604 69
605 1961
606 6912
607 5810
608 7116
609 3404
610 6930
611 872
612 2519
613 1825
614 7157
615 6091
616 5652
617 4910
618 3939
619 2485
620 6139
621 1940
622 5593
623 4487
624 3215
625 563
626 11
627 2580
628 6133
629 6378
630 1217
631 3696
632 3343
633 6253
634 2166
635 4029
636 2857
637 6710
638 557
639 2019
640 6159
641 4825
642 5165
643 5502
644 5274
645 4313
646 3017
647 4545
648 4081
649 3189
650 6849
651 6554
652 953
653 5659
654 610
655 3366
656 296
657 2135
658 1717
659 3068
660 1579
661 2077
662 1329
663 6591
664 2964
665 537
666 2016
667 7053
668 6122
669 4832
670 4644
671 4302
672 2542
673 6686
674 2915
675 3236
676 1681
677 5580
678 3835
679 619
680 4769
681 7048
682 3282
683 5600
684 208
685 2655
686 5319
687 4538
688 3197
689 3545
690 4892
691 1933
692 453
693 6085
694 3442
695 3847
696 3057
697 41
698 4708
699 1381
700 4203
701 5166
702 1804
703 3254
704 1528
705 4803
706 2887
707 5428
708 244
709 1331
710 1245
711 6317
712 3620
713 5672
714 6932
715 4179
716 5456
717 6373
718 5023
719 6250
720 5042
721 4334
722 4707
723 4608
724 5250
725 6382
726 4850
727 2938
728 4703
729 2665
730 5674
731 5720
732 4780
733 4973
734 6847
735 1172
736 2625
737 2953
738 420
739 2788
740 5067
741 2830
742 1059
743 3787
744 4472
745 3822
746 942
747 5288
748 372
749 6173
750 3163
751 3528
752 1891
753 2556
754 4735
755 2505
756 5316
757 3338
758 5728
759 2909
760 1684
761 6915
762 2213
763 7055
764 1680
765 1197
766 1774
767 6413
768 67
769 1035
770 6691
771 6753
772 5454
773 2297
774 4496
775 903
776 7059
777 2181
778 6779
779 2606
780 2864
781 419
782 5235
783 1116
784 4238
785 440
786 4679
787 1827
788 3140
789 3683
790 6971
791 2614
792 918
793 6136
794 4426
795 4853
796 6213
797 1556
798 5351
799 4271
800 3736
801 4260
802 1442
803 1809
804 4639
805 4273
806 6865
807 1251
808 6
809 2840
810 4742
811 5739
812 6844
813 442
814 5473
815 4694
816 926
817 4624
818 3831
819 1625
820 6724
821 1018
822 1274
823 1543
824 6997
825 6490
826 4984
827 6777
828 1302
829 2734
830 4076
831 580
832 1669
833 360
834 6288
835 3867
836 1670
837 1033
838 1224
839 2282
840 711
841 275
842 5049
843 3941
844 1971
845 3344
846 2537
847 1910
848 4182
849 1861
850 269
851 4905
852 558
853 3877
854 1636
855 6248
856 1997
857 5883
858 4908
859 6593
860 3308
861 6395
862 4082
863 6813
864 2932
865 499
866 2472
867 4952
868 1678
869 695
870 6099
871 5574
872 6994
873 5666
874 1039
875 1592
876 2453
877 4240
878 6001
879 5930
880 4951
881 1365
882 5903
883 6966
884 6249
885 2088
886 2730
887 6314
888 3565
889 6040
890 4578
891 2395
892 454
893 2934
894 4788
895 2218
896 1557
897 6294
898 1135
899 3382
900 4916
901 5847
902 2772
903 271
904 3040
905 4384
906 3796
907 3437
908 5602
909 2214
910 2761
911 27
912 1502
913 4284
914 6362
915 6092
916 4583
917 5898
918 887
919 4800
920 4390
921 6564
922 280
923 6515
924 1492
925 3922
926 3686
927 4743
928 7150
929 6619
930 1595
931 3019
932 6391
933 1051
934 4328
935 3804
936 3977
937 2770
938 4549
939 3009
940 702
941 3888
942 7038
943 6853
944 2212
945 2641
946 2868
947 1817
948 297
949 1698
950 270
951 4753
952 6221
953 42
954 4090
955 6733
956 2229
957 7155
958 639
959 5408
960 4215
961 2984
962 3887
963 3598
964 3466
965 4259
966 3518
967 6440
968 4135
969 2122
970 7
971 5197
972 2919
973 6766
974 6357
975 5479
976 1886
977 461
978 1017
979 5332
980 3640
981 2193
982 1906
983 4428
984 2859
985 6893
986 4364
987 3305
988 772
989 6330
990 2544
991 7101
992 1261
993 1562
994 5387
995 2771
996 6046
997 778
998 7159
999 4245
1000 3272
1001 1473
1002 864
1003 6840
1004 936
1005 1896
1006 925
1007 4053
1008 6663
1009 5324
1010 1165
1011 4110
1012 5120
1013 2678
1014 2796
1015 1566
1016 4607
1017 2697
1018 2995
1019 4357
1020 179
1021 5282
1022 3076
1023 7123
1024 5048
1025 106
1026 2757
1027 2861
1028 3684
1029 5934
1030 6315
1031 3612
1032 5741
1033 3386
1034 4526
1035 4208
1036 2670
1037 5715
1038 2418
1039 2640
1040 2759
1041 5625
1042 5087
1043 586
1044 6620
1045 4418
1046 401
1047 6721
1048 1328
1049 5035
1050 1760
1051 5654
1052 3233
1053 23
1054 5016
1055 6125
1056 6176
1057 2600
1058 1506
1059 3375
1060 3250
1061 1793
1062 1230
1063 5467
1064 2723
1065 3692
1066 3944
1067 2602
1068 3759
1069 498
1070 955
1071 3772
1072 1831
1073 3262
1074 5549
1075 4336
1076 3436
1077 193
1078 2283
1079 3480
1080 6367
1081 3101
1082 5004
1083 3632
1084 2322
1085 1003
1086 604
1087 13
1088 1866
1089 2100
1090 5796
1091 766
1092 4419
1093 3935
1094 6500
1095 3205
1096 2892
1097 3021
1098 5270
1099 3165
1100 3753
1101 3712
1102 3170
1103 4510
1104 5452
1105 6941
1106 4816
1107 5646
1108 5086
1109 2469
1110 3315
1111 2397
1112 306
1113 5415
1114 7172
1115 34
1116 3317
1117 1253
1118 5751
1119 1158
1120 1970
1121 4062
1122 5875
1123 1661
1124 4268
1125 1614
1126 4623
1127 6992
1128 6960
1129 4039
1130 6190
1131 1268
1132 6817
1133 5738
1134 6208
1135 1270
1136 3961
1137 4665
1138 2424
1139 7175
1140 5100
1141 562
1142 3687
1143 5535
1144 3280
1145 1962
1146 6922
1147 3035
1148 1672
1149 1936
1150 2616
1151 5647
1152 5867
1153 4638
1154 5052
1155 4190
1156 2818
1157 5358
1158 4675
1159 1128
1160 3985
1161 2259
1162 3875
1163 1610
1164 6735
1165 501
1166 3800
1167 5598
1168 4498
1169 6120
1170 5323
1171 5243
1172 5765
1173 813
1174 4178
1175 4270
1176 6260
1177 874
1178 4895
1179 1834
1180 6630
1181 2248
1182 6358
1183 222
1184 3023
1185 328
1186 6409
1187 5368
1188 3710
1189 3326
1190 5824
1191 4872
1192 957
1193 1907
1194 851
1195 2310
1196 2959
1197 61
1198 2204
1199 109
1200 2484
1201 3599
1202 5880
1203 4007
1204 5217
1205 4255
1206 6561
1207 3645
1208 342
1209 3069
1210 3423
1211 7089
1212 1159
1213 6493
1214 4820
1215 4750
1216 898
1217 1780
1218 6336
1219 1799
1220 2276
1221 5246
1222 5866
1223 594
1224 1741
1225 3678
1226 6352
1227 4353
1228 2
1229 3097
1230 3670
1231 1107
1232 3505
1233 6070
1234 5610
1235 3950
1236 866
1237 5932
1238 4599
1239 5102
1240 3065
1241 4518
1242 6463
1243 6732
1244 4777
1245 1186
1246 4844
1247 5583
1248 3443
1249 5709
1250 5909
1251 838
1252 5767
1253 6909
1254 6469
1255 735
1256 4577
1257 1963
1258 3554
1259 489
1260 7026
1261 3693
1262 1486
1263 204
1264 279
1265 3461
1266 6743
1267 5347
1268 2210
1269 6866
1270 3685
1271 836
1272 421
1273 4566
1274 5802
1275 692
1276 1319
1277 6597
1278 862
1279 2008
1280 6295
1281 3103
1282 1358
1283 3873
1284 3501
1285 3792
1286 5256
1287 6117
1288 569
1289 1545
1290 1019
1291 2375
1292 3506
1293 3403
1294 2005
1295 6060
1296 5906
1297 4486
1298 5989
1299 1122
1300 5664
1301 3836
1302 293
1303 1226
1304 2839
1305 5423
1306 742
1307 28
1308 964
1309 2298
1310 2733
1311 6662
1312 1652
1313 974
1314 6489
1315 3174
1316 2801
1317 5010
1318 4422
1319 600
1320 433
1321 5638
1322 1433
1323 3872
1324 5181
1325 1797
1326 1015
1327 1582
1328 387
1329 2742
1330 3553
1331 4875
1332 1150
1333 6665
1334 6608
1335 2743
1336 6769
1337 5265
1338 5444
1339 2118
1340 1513
1341 6666
1342 93
1343 2930
1344 643
1345 2610
1346 1156
1347 5495
1348 2576
1349 83
1350 4858
1351 4047
1352 5091
1353 2993
1354 4274
1355 3815
1356 2260
1357 50
1358 436
1359 3932
1360 3485
1361 6870
1362 2822
1363 6636
1364 2440
1365 6107
1366 6205
1367 1390
1368 463
1369 1321
1370 3291
1371 4168
1372 6182
1373 3247
1374 359
1375 3285
1376 959
1377 4085
1378 532
1379 687
1380 3656
1381 2380
1382 5782
1383 5826
1384 3786
1385 5143
1386 1369
1387 5126
1388 3733
1389 6805
1390 3925
1391 6726
1392 1876
1393 3355
1394 873
1395 4253
1396 1663
1397 3737
1398 5745
1399 2948
1400 6455
1401 324
1402 784
1403 1869
1404 5805
1405 4532
1406 383
1407 5916
1408 5960
1409 4316
1410 3031
1411 4762
1412 6219
1413 3780
1414 2119
1415 176
1416 1207
1417 1422
1418 2234
1419 187
1420 2622
1421 3020
1422 5770
1423 4012
1424 1977
1425 2250
1426 5366
1427 6646
1428 6698
1429 3795
1430 1376
1431 3859
1432 7107
1433 5283
1434 4092
1435 4446
1436 183
1437 5735
1438 5684
1439 5484
1440 5755
1441 4031
1442 6301
1443 2148
1444 6388
1445 6575
1446 5977
1447 1399
1448 6519
1449 6690
1450 3373
1451 1429
1452 1952
1453 4771
1454 1203
1455 4303
1456 2013
1457 182
1458 4591
1459 3619
1460 4529
1461 3015
1462 4453
1463 5786
1464 5084
1465 3116
1466 5500
1467 5462
1468 1995
1469 3738
1470 3295
1471 1286
1472 1136
1473 2102
1474 185
1475 683
1476 1405
1477 945
1478 6531
1479 2680
1480 6270
1481 4167
1482 5123
1483 5967
1484 2617
1485 4765
1486 4405
1487 6280
1488 5629
1489 7146
1490 6556
1491 4130
1492 6104
1493 4467
1494 449
1495 1822
1496 2457
1497 4478
1498 5747
1499 4301
1500 6991
1501 6739
1502 3182
1503 3623
1504 2805
1505 5563
1506 1600
1507 6784
1508 142
1509 1756
1510 5266
1511 4862
1512 6075
1513 5461
1514 6359
1515 2328
1516 2725
1517 1631
1518 4914
1519 7117
1520 3365
1521 3059
1522 7034
1523 5965
1524 3721
1525 137
1526 1552
1527 5833
1528 2920
1529 6829
1530 3510
1531 6920
1532 1295
1533 6928
1534 6186
1535 6319
1536 6711
1537 4656
1538 4493
1539 1782
1540 3840
1541 1031
1542 6377
1543 3581
1544 1403
1545 7111
1546 5485
1547 6483
1548 2586
1549 6517
1550 2971
1551 21
1552 5018
1553 2983
1554 4176
1555 6602
1556 3061
1557 1996
1558 146
1559 4758
1560 758
1561 1673
1562 486
1563 1912
1564 2125
1565 6803
1566 4244
1567 3051
1568 2575
1569 3380
1570 970
1571 5761
1572 3708
1573 6106
1574 6919
1575 1115
1576 5187
1577 6204
1578 100
1579 6094
1580 5981
1581 3424
1582 6495
1583 3634
1584 4084
1585 6272
1586 6450
1587 3123
1588 2110
1589 5296
1590 284
1591 6016
1592 4095
1593 6843
1594 1013
1595 302
1596 4508
1597 5599
1598 5426
1599 5768
1600 3221
1601 3497
1602 4186
1603 3235
1604 1629
1605 4430
1606 5871
1607 1812
1608 229
1609 2571
1610 4452
1611 6428
1612 6479
1613 3396
1614 3535
1615 3121
1616 646
1617 6747
1618 246
1619 6420
1620 6811
1621 3032
1622 3456
1623 5478
1624 6211
1625 6035
1626 6236
1627 6697
1628 893
1629 4572
1630 4097
1631 1273
1632 139
1633 488
1634 3764
1635 5752
1636 2106
1637 1630
1638 4590
1639 3665
1640 4096
1641 7174
1642 786
1643 6002
1644 5134
1645 1593
1646 2386
1647 716
1648 5056
1649 939
1650 2042
1651 3092
1652 5513
1653 5470
1654 5155
1655 3270
1656 5317
1657 6084
1658 5983
1659 5633
1660 3921
1661 5876
1662 7011
1663 4022
1664 392
1665 5301
1666 6427
1667 1407
1668 2592
1669 2980
1670 1686
1671 1535
1672 3491
1673 7056
1674 812
1675 3454
1676 5234
1677 3741
1678 1426
1679 5621
1680 3483
1681 5344
1682 1427
1683 352
1684 6293
1685 1269
1686 6303
1687 6338
1688 7046
1689 686
1690 741
1691 7077
1692 1798
1693 3080
1694 3186
1695 672
1696 160
1697 527
1698 4670
1699 7100
1700 6052
1701 2942
1702 2951
1703 4751
1704 3049
1705 3067
1706 3200
1707 2170
1708 6026
1709 2001
1710 5298
1711 2632
1712 1818
1713 6518
1714 5196
1715 1856
1716 2377
1717 52
1718 3409
1719 94
1720 1126
1721 5295
1722 5122
1723 553
1724 2660
1725 3011
1726 5427
1727 4613
1728 631
1729 5224
1730 642
1731 649
1732 871
1733 6995
1734 5586
1735 6305
1736 4852
1737 2875
1738 6206
1739 6350
1740 5492
1741 761
1742 656
1743 6396
1744 37
1745 4045
1746 1266
1747 7073
1748 1498
1749 4838
1750 2940
1751 1090
1752 4252
1753 4330
1754 7086
1755 6453
1756 2236
1757 6772
1758 6306
1759 2435
1760 6808
1761 4120
1762 148
1763 5024
1764 5277
1765 1758
1766 5384
1767 5705
1768 2341
1769 5764
1770 5622
1771 3332
1772 2267
1773 472
1774 1413
1775 249
1776 648
1777 2346
1778 6746
1779 5545
1780 1667
1781 5888
1782 2652
1783 1348
1784 1507
1785 5775
1786 5225
1787 597
1788 5405
1789 620
1790 680
1791 3216
1792 6047
1793 4857
1794 5237
1795 5635
1796 1353
1797 4628
1798 4733
1799 3523
1800 2192
1801 4736
1802 2671
1803 1596
1804 1230
1805 4291
1806 6020
1807 3477
1808 1069
1809 1233
1810 3360
1811 496
1812 5431
1813 5604
1814 1711
1815 2786
1816 494
1817 4181
1818 264
1819 84
1820 6268
1821 6656
1822 231
1823 5882
1824 1892
1825 5778
1826 5170
1827 2058
1828 4543
1829 6692
1830 4017
1831 1722
1832 2564
1833 6714
1834 4296
1835 2255
1836 6008
1837 848
1838 4183
1839 3933
1840 4933
1841 2819
1842 3112
1843 1966
1844 6299
1845 253
1846 1208
1847 777
1848 629
1849 404
1850 3094
1851 2886
1852 4169
1853 785
1854 416
1855 5059
1856 4123
1857 3703
1858 5098
1859 3504
1860 5480
1861 3987
1862 3176
1863 1103
1864 3665
1865 1666
1866 5464
1867 1564
1868 863
1869 5835
1870 3039
1871 1915
1872 536
1873 1829
1874 2117
1875 4002
1876 6416
1877 5697
1878 4233
1879 5160
1880 5036
1881 3393
1882 6610
1883 1034
1884 5597
1885 1378
1886 2313
1887 3429
1888 3798
1889 1320
1890 4219
1891 820
1892 3739
1893 5281
1894 988
1895 6049
1896 98
1897 5843
1898 5531
1899 5058
1900 3368
1901 3846
1902 5032
1903 2907
1904 4731
1905 5255
1906 1520
1907 6998
1908 2243
1909 4329
1910 1626
1911 47
1912 4104
1913 1345
1914 4349
1915 2707
1916 5472
1917 1580
1918 3856
1919 4514
1920 3818
1921 1840
1922 6658
1923 2969
1924 1393
1925 4595
1926 6606
1927 2114
1928 645
1929 239
1930 1160
1931 2062
1932 748
1933 3970
1934 6284
1935 413
1936 5611
1937 5757
1938 5153
1939 2015
1940 5306
1941 7177
1942 4458
1943 2754
1944 2768
1945 743
1946 722
1947 701
1948 4046
1949 5890
1950 3629
1951 660
1952 4585
1953 441
1954 5374
1955 4839
1956 4246
1957 4144
1958 7080
1959 1044
1960 3004
1961 2635
1962 1757
1963 2783
1964 104
1965 2550
1966 637
1967 2972
1968 2194
1969 2017
1970 2726
1971 6361
1972 1828
1973 4028
1974 4547
1975 5353
1976 2570
1977 6800
1978 6672
1979 5571
1980 1240
1981 3917
1982 4262
1983 3124
1984 79
1985 4398
1986 5029
1987 2482
1988 5272
1989 5780
1990 2385
1991 4603
1992 2172
1993 666
1994 3036
1995 6937
1996 5476
1997 1247
1998 3993
1999 2604
2000 4569
2001 2716
2002 6582
2003 2549
2004 5605
2005 4223
2006 6987
2007 3431
2008 5247
2009 5000
2010 2307
2011 708
2012 1703
2013 1027
2014 651
2015 3129
2016 2381
2017 5962
2018 5534
2019 997
2020 886
2021 6227
2022 6983
2023 2393
2024 1177
2025 6269
2026 5425
2027 1347
2028 1642
2029 1167
2030 3331
2031 7050
2032 68
2033 5636
2034 696
2035 2432
2036 4136
2037 6131
2038 5403
2039 2541
2040 7112
2041 684
2042 1748
2043 4815
2044 5789
2045 539
2046 2629
2047 1959
2048 4409
2049 425
2050 4764
2051 1732
2052 3458
2053 5239
2054 7039
2055 1604
2056 978
2057 1363
2058 6371
2059 6615
2060 4158
2061 5608
2062 1750
2063 6979
2064 6850
2065 1659
2066 6701
2067 1628
2068 3627
2069 6708
2070 153
2071 1215
2072 4684
2073 55
2074 484
2075 1205
2076 1883
2077 5754
2078 3195
2079 1375
2080 6959
2081 6005
2082 937
2083 1495
2084 3223
2085 4140
2086 3350
2087 2280
2088 5033
2089 5061
2090 2654
2091 935
2092 473
2093 2201
2094 4438
2095 4779
2096 295
2097 5070
2098 2249
2099 1923
2100 2347
2101 614
2102 120
2103 3372
2104 48
2105 2935
2106 402
2107 1342
2108 5499
2109 6434
2110 314
2111 3310
2112 5192
2113 2835
2114 5634
2115 803
2116 6740
2117 4500
2118 6622
2119 5157
2120 6405
2121 6487
2122 4851
2123 4093
2124 2094
2125 1838
2126 6976
2127 5424
2128 5393
2129 411
2130 1094
2131 4049
2132 2791
2133 7041
2134 4448
2135 1873
2136 1724
2137 5693
2138 4997
2139 6880
2140 3774
2141 3346
2142 800
2143 2557
2144 7085
2145 1257
2146 3086
2147 4582
2148 946
2149 519
2150 6110
2151 4601
2152 5236
2153 2344
2154 339
2155 3868
2156 3
2157 6189
2158 6618
2159 5207
2160 6731
2161 6552
2162 7054
2163 3853
2164 515
2165 589
2166 2444
2167 6657
2168 4459
2169 2422
2170 504
2171 5465
2172 5508
2173 6214
2174 900
2175 5430
2176 3507
2177 6788
2178 459
2179 2565
2180 4034
2181 3894
2182 4870
2183 1084
2184 5701
2185 4677
2186 1434
2187 6872
2188 3700
2189 6449
2190 5736
2191 5895
2192 4481
2193 6458
2194 2288
2195 2246
2196 1301
2197 4338
2198 6234
2199 2799
2200 4162
2201 5991
2202 2337
2203 5198
2204 6132
2205 4570
2206 1632
2207 818
2208 4981
2209 6641
2210 2325
2211 1032
2212 3259
2213 4359
2214 6043
2215 4669
2216 6955
2217 3845
2218 347
2219 5127
2220 2815
2221 3866
2222 1676
2223 3492
2224 5177
2225 3394
2226 2724
2227 5842
2228 7029
2229 5248
2230 6148
2231 90
2232 4499
2233 5993
2234 29
2235 4552
2236 4278
2237 7070
2238 7003
2239 2838
2240 6588
2241 291
2242 3897
2243 2944
2244 2605
2245 659
2246 5053
2247 2750
2248 4906
2249 3377
2250 4354
2251 1953
2252 6745
2253 1163
2254 1428
2255 6624
2256 1074
2257 4134
2258 3722
2259 3668
2260 6643
2261 5203
2262 2508
2263 4126
2264 5685
2265 4154
2266 7088
2267 2850
2268 7105
2269 976
2270 2285
2271 5731
2272 865
2273 4783
2274 4576
2275 1950
2276 4056
2277 4806
2278 4468
2279 1050
2280 6115
2281 2417
2282 3503
2283 4945
2284 5820
2285 6011
2286 5251
2287 3940
2288 2573
2289 3484
2290 5108
2291 3228
2292 6956
2293 2240
2294 4207
2295 3037
2296 3622
2297 1437
2298 3879
2299 2431
2300 2755
2301 3957
2302 4573
2303 2638
2304 6535
2305 197
2306 3297
2307 4563
2308 5990
2309 2374
2310 6680
2311 6780
2312 5901
2313 4121
2314 2262
2315 6376
2316 7052
2317 835
2318 4105
2319 115
2320 837
2321 7158
2322 5519
2323 1318
2324 6730
2325 5249
2326 1456
2327 1007
2328 5195
2329 1316
2330 6476
2331 5933
2332 6009
2333 7065
2334 479
2335 1872
2336 5372
2337 3955
2338 7147
2339 4741
2340 3397
2341 3726
2342 6264
2343 6425
2344 7122
2345 3131
2346 6032
2347 5660
2348 985
2349 5202
2350 6536
2351 6668
2352 1494
2353 775
2354 4571
2355 243
2356 4826
2357 2471
2358 6422
2359 5592
2360 1862
2361 3517
2362 5253
2363 1714
2364 5483
2365 4326
2366 4266
2367 704
2368 4513
2369 4680
2370 5494
2371 4688
2372 5111
2373 2834
2374 831
2375 6130
2376 3968
2377 2885
2378 4530
2379 567
2380 2216
2381 1982
2382 4289
2383 6302
2384 5850
2385 2711
2386 236
2387 4199
2388 7095
2389 2428
2390 5240
2391 608
2392 77
2393 1990
2394 4381
2395 5178
2396 1379
2397 2658
2398 2459
2399 6978
2400 6607
2401 6580
2402 4170
2403 3851
2404 2608
2405 769
2406 4961
2407 254
2408 5275
2409 3357
2410 5727
2411 990
2412 3352
2413 1974
2414 4256
2415 5721
2416 1241
2417 3880
2418 1539
2419 6025
2420 2030
2421 2321
2422 1204
2423 1397
2424 4958
2425 1512
2426 1139
2427 2902
2428 3294
2429 5416
2430 2247
2431 4103
2432 5536
2433 1289
2434 584
2435 3997
2436 4964
2437 2070
2438 4520
2439 3078
2440 2035
2441 5841
2442 2521
2443 331
2444 6899
2445 177
2446 2208
2447 1504
2448 3829
2449 482
2450 3655
2451 3471
2452 2150
2453 2136
2454 3923
2455 366
2456 3398
2457 4885
2458 743
2459 878
2460 3083
2461 3992
2462 6513
2463 6327
2464 1796
2465 6836
2466 2623
2467 3463
2468 691
2469 2209
2470 2383
2471 885
2472 4881
2473 771
2474 5081
2475 833
2476 6502
2477 5596
2478 5218
2479 3515
2480 1948
2481 1185
2482 5388
2483 1155
2484 904
2485 4695
2486 6114
2487 996
2488 1419
2489 6944
2490 1837
2491 3399
2492 3962
2493 6569
2494 1004
2495 2598
2496 3884
2497 4018
2498 4617
2499 4147
2500 3731
2501 3219
2502 1981
2503 5223
2504 7132
2505 3447
2506 332
2507 4925
2508 1654
2509 2355
2510 6834
2511 1934
2512 4141
2513 26
2514 3098
2515 6755
2516 992
2517 7139
2518 1791
2519 3320
2520 1325
2521 2510
2522 6787
2523 5437
2524 4131
2525 3874
2526 3401
2527 944
2528 5800
2529 5798
2530 3008
2531 3658
2532 2749
2533 3246
2534 5037
2535 5649
2536 5118
2537 1485
2538 6247
2539 4139
2540 2881
2541 6485
2542 2241
2543 3217
2544 4528
2545 3522
2546 6963
2547 4340
2548 5980
2549 3099
2550 512
2551 5020
2552 3154
2553 7043
2554 4705
2555 3202
2556 4152
2557 4896
2558 3038
2559 2462
2560 5141
2561 4308
2562 7023
2563 4503
2564 7072
2565 1983
2566 6703
2567 4497
2568 653
2569 3113
2570 1415
2571 6109
2572 5273
2573 3358
2574 1951
2575 4592
2576 3144
2577 2040
2578 4089
2579 6411
2580 1361
2581 4421
2582 2065
2583 2183
2584 4441
2585 6167
2586 2199
2587 1324
2588 3062
2589 599
2590 429
2591 7151
2592 476
2593 396
2594 5128
2595 1162
2596 6178
2597 262
2598 1740
2599 186
2600 2047
2601 3002
2602 6617
2603 3060
2604 2233
2605 5308
2606 6545
2607 2925
2608 5528
2609 3727
2610 5753
2611 5806
2612 1221
2613 1472
2614 4837
2615 5758
2616 2287
2617 1281
2618 2010
2619 2465
2620 490
2621 5364
2622 4560
2623 39
2624 4534
2625 4830
2626 753
2627 1522
2628 5241
2629 143
2630 1120
2631 4482
2632 4539
2633 2569
2634 6144
2635 914
2636 850
2637 2319
2638 3261
2639 2178
2640 2674
2641 4924
2642 3384
2643 3018
2644 3142
2645 5228
2646 3783
2647 2379
2648 4315
2649 3575
2650 5458
2651 3213
2652 5109
2653 6240
2654 3979
2655 6671
2656 3914
2657 3278
2658 6165
2659 3988
2660 5380
2661 206
2662 5400
2663 3014
2664 5447
2665 6934
2666 3335
2667 3391
2668 132
2669 5026
2670 633
2671 4730
2672 1455
2673 5943
2674 220
2675 4148
2676 6108
2677 4960
2678 3556
2679 1430
2680 5788
2681 178
2682 5501
2683 3425
2684 915
2685 6146
2686 5204
2687 2668
2688 5257
2689 6355
2690 6985
2691 1144
2692 2272
2693 1085
2694 3539
2695 1238
2696 1874
2697 1340
2698 2998
2699 2475
2700 2824
2701 418
2702 4983
2703 889
2704 5797
2705 45
2706 5811
2707 4586
2708 927
2709 4016
2710 7057
2711 6201
2712 1665
2713 723
2714 343
2715 3274
2716 669
2717 6320
2718 6426
2719 3740
2720 5361
2721 6507
2722 340
2723 5823
2724 1781
2725 1929
2726 6113
2727 6548
2728 2156
2729 4600
2730 5615
2731 4389
2732 237
2733 821
2734 6103
2735 2596
2736 5073
2737 4125
2738 7044
2739 5861
2740 3552
2741 8
2742 6822
2743 2363
2744 1102
2745 4099
2746 5076
2747 2349
2748 4447
2749 2708
2750 6874
2751 822
2752 1463
2753 5376
2754 1248
2755 334
2756 3843
2757 3724
2758 4738
2759 7092
2760 5547
2761 469
2762 6096
2763 2340
2764 1536
2765 4745
2766 6292
2767 5997
2768 1704
2769 6418
2770 814
2771 4471
2772 4647
2773 4655
2774 6329
2775 5530
2776 5692
2777 2305
2778 110
2779 1344
2780 1844
2781 5173
2782 3573
2783 4748
2784 2406
2785 2076
2786 3996
2787 2211
2788 4727
2789 2543
2790 3549
2791 4746
2792 1100
2793 4887
2794 174
2795 305
2796 1744
2797 4051
2798 2028
2799 3493
2800 3199
2801 5273
2802 4008
2803 592
2804 4484
2805 4927
2806 5019
2807 717
2808 1317
2809 2373
2810 5233
2811 4001
2812 5589
2813 5312
2814 1998
2815 2078
2816 5562
2817 3193
2818 1081
2819 2854
2820 6149
2821 1182
2822 2609
2823 3157
2824 6650
2825 5244
2826 3675
2827 1267
2828 4450
2829 2504
2830 2368
2831 5956
2832 4511
2833 3650
2834 2091
2835 4808
2836 2074
2837 4163
2838 919
2839 3180
2840 601
2841 1108
2842 3106
2843 3960
2844 2402
2845 2278
2846 6652
2847 1249
2848 6818
2849 6082
2850 6540
2851 2781
2852 4686
2853 4333
2854 221
2855 3832
2856 14
2857 6370
2858 5630
2859 570
2860 276
2861 2315
2862 4113
2863 121
2864 2924
2865 973
2866 5025
2867 6153
2868 854
2869 4579
2870 4596
2871 2354
2872 6039
2873 3392
2874 3265
2875 7160
2876 2090
2877 5318
2878 869
2879 3651
2880 5711
2881 4145
2882 3089
2883 615
2884 830
2885 611
2886 2699
2887 1688
2888 6796
2889 3066
2890 2464
2891 1842
2892 5510
2893 1016
2894 3455
2895 7019
2896 6145
2897 6386
2898 3118
2899 2474
2900 6532
2901 1041
2902 1529
2903 1401
2904 3654
2905 3898
2906 199
2907 450
2908 3286
2909 5975
2910 301
2911 7118
2912 2810
2913 1287
2914 136
2915 4515
2916 6310
2917 4295
2918 740
2919 6090
2920 5603
2921 1650
2922 591
2923 6734
2924 5575
2925 4876
2926 189
2927 2763
2928 1202
2929 1987
2930 6895
2931 414
2932 3001
2933 961
2934 1810
2935 1956
2936 7113
2937 4899
2938 1300
2939 6523
2940 1468
2941 6573
2942 2273
2943 5420
2944 2231
2945 2578
2946 3096
2947 1922
2948 5763
2949 2294
2950 2547
2951 2144
2952 3624
2953 4747
2954 6323
2955 1500
2956 4912
2957 928
2958 338
2959 703
2960 3614
2961 2033
2962 4198
2963 3417
2964 2221
2965 744
2966 2813
2967 65
2968 2800
2969 181
2970 3973
2971 1314
2972 4767
2973 3296
2974 1461
2975 1905
2976 1860
2977 4936
2978 1083
2979 1617
2980 1086
2981 5191
2982 5963
2983 6973
2984 6158
2985 1613
2986 3081
2987 434
2988 5947
2989 3470
2990 764
2991 552
2992 6188
2993 2597
2994 2351
2995 5411
2996 4485
2997 2367
2998 4074
2999 5937
3000 5190
3001 2852
3002 1942
3003 422
3004 5877
3005 2295
3006 2271
3007 4957
3008 6869
3009 3858
3010 386
3011 4399
3012 5474
3013 5227
3014 6696
3015 4615
3016 3548
3017 105
3018 1871
3019 1845
3020 1201
3021 6181
3022 7114
3023 2323
3024 6014
3025 2107
3026 2692
3027 2945
3028 5017
3029 2905
3030 5591
3031 3820
3032 3482
3033 5438
3034 2853
3035 5914
3036 3126
3037 707
3038 640
3039 2582
3040 6435
3041 4101
3042 4801
3043 4088
3044 3371
3045 3426
3046 6385
3047 2996
3048 6806
3049 4982
3050 2994
3051 75
3052 2531
3053 6809
3054 5184
3055 286
3056 6184
3057 2506
3058 6897
3059 1174
3060 3406
3061 2878
3062 647
3063 1073
3064 6584
3065 299
3066 215
3067 5650
3068 4716
3069 316
3070 170
3071 749
3072 5221
3073 1382
3074 3119
3075 3201
3076 3532
3077 6758
3078 6526
3079 5579
3080 3148
3081 596
3082 1113
3083 6860
3084 3333
3085 3298
3086 6286
3087 4835
3088 3942
3089 6810
3090 4037
3091 3679
3092 6516
3093 5292
3094 3926
3095 6581
3096 5090
3097 3115
3098 4676
3099 3434
3100 4890
3101 483
3102 4440
3103 3929
3104 5742
3105 958
3106 4633
3107 1276
3108 2545
3109 2196
3110 5777
3111 380
3112 3937
3113 4955
3114 4391
3115 5976
3116 5113
3117 509
3118 3920
3119 2990
3120 661
3121 1770
3122 19
3123 4200
3124 568
3125 6791
3126 5268
3127 4024
3128 3799
3129 3972
3130 4411
3131 3571
3132 4977
3133 5695
3134 6925
3135 7144
3136 7061
3137 2503
3138 6635
3139 1900
3140 2138
3141 6324
3142 1489
3143 166
3144 214
3145 2528
3146 4464
3147 6827
3148 4300
3149 180
3150 5276
3151 4710
3152 2682
3153 5222
3154 1643
3155 2526
3156 3602
3157 5490
3158 2894
3159 1402
3160 3212
3161 3841
3162 5330
3163 3648
3164 1370
3165 346
3166 534
3167 4928
3168 4553
3169 3044
3170 3900
3171 2011
3172 2722
3173 998
3174 4293
3175 2739
3176 3899
3177 6155
3178 462
3179 418
3180 4117
3181 3719
3182 3210
3183 6868
3184 4465
3185 5333
3186 6742
3187 2889
3188 4696
3189 4987
3190 6456
3191 1305
3192 2268
3193 6627
3194 5819
3195 3453
3196 1864
3197 7156
3198 5321
3199 2046
3200 1000
3201 3551
3202 127
3203 5406
3204 6964
3205 6706
3206 315
3207 4294
3208 5992
3209 1902
3210 4041
3211 2639
3212 5772
3213 3387
3214 1511
3215 1898
3216 456
3217 3063
3218 2095
3219 3478
3220 5509
3221 4818
3222 719
3223 1858
3224 1184
3225 4369
3226 2115
3227 233
3228 4868
3229 6594
3230 4641
3231 1054
3232 4804
3233 1773
3234 4785
3235 4473
3236 2774
3237 4247
3238 4567
3239 2190
3240 4083
3241 5101
3242 2007
3243 6867
3244 1790
3245 4791
3246 4191
3247 2997
3248 4337
3249 6468
3250 2322
3251 6704
3252 6383
3253 1585
3254 320
3255 6885
3256 1272
3257 1443
3258 1322
3259 7096
3260 6904
3261 296
3262 5681
3263 4128
3264 5434
3265 2855
3266 1009
3267 3756
3268 3607
3269 2463
3270 3765
3271 4217
3272 994
3273 1879
3274 6917
3275 4701
3276 1130
3277 1766
3278 2006
3279 3690
3280 5813
3281 6004
3282 2057
3283 365
3284 6243
3285 281
3286 2158
3287 1696
3288 1736
3289 2084
3290 156
3291 5942
3292 5381
3293 6491
3294 5653
3295 5443
3296 2764
3297 1298
3298 545
3299 1151
3300 6169
3301 5422
3302 4242
3303 4531
3304 802
3305 2626
3306 4947
3307 6537
3308 4071
3309 3139
3310 663
3311 1114
3312 5911
3313 1731
3314 4829
3315 6952
3316 0
3317 1927
3318 5541
3319 3271
3320 6768
3321 4462
3322 427
3323 4524
3324 2004
3325 6334
3326 1568
3327 4397
3328 4869
3329 6848
3330 1514
3331 4882
3332 530
3333 6958
3334 51
3335 1356
3336 3181
3337 3242
3338 5922
3339 6254
3340 4237
3341 70
3342 1028
3343 4660
3344 3104
3345 2416
3346 1899
3347 1265
3348 6894
3349 327
3350 382
3351 3680
3352 5003
3353 3543
3354 4378
3355 993
3356 6013
3357 410
3358 1843
3359 2499
3360 2079
3361 1194
3362 6852
3363 5413
3364 5845
3365 133
3366 4630
3367 4814
3368 566
3369 381
3370 6907
3371 329
3372 4711
3373 6948
3374 1968
3375 2844
3376 6191
3377 795
3378 2473
3379 5677
3380 6815
3381 2619
3382 1808
3383 5523
3384 4740
3385 1493
3386 560
3387 4476
3388 6631
3389 3790
3390 3241
3391 5645
3392 2888
3393 6763
3394 5988
3395 6681
3396 3695
3397 3666
3398 5873
3399 3207
3400 5482
3401 6452
3402 4216
3403 2514
3404 7167
3405 2056
3406 3325
3407 5616
3408 2037
3409 6855
3410 2104
3411 4833
3412 2584
3413 2160
3414 4443
3415 5703
3416 5771
3417 1850
3418 2802
3419 1541
3420 4269
3421 2710
3422 757
3423 290
3424 4597
3425 5951
3426 2239
3427 1618
3428 1928
3429 3354
3430 3882
3431 1112
3432 1875
3433 4676
3434 3584
3435 5865
3436 3755
3437 3120
3438 3342
3439 5214
3440 2511
3441 1418
3442 2410
3443 840
3444 6970
3445 3885
3446 6384
3447 6888
3448 7137
3449 6401
3450 5106
3451 4415
3452 6222
3453 4461
3454 2103
3455 2450
3456 6718
3457 2551
3458 5554
3459 1132
3460 5145
3461 618
3462 574
3463 1303
3464 5213
3465 5429
3466 5671
3467 1741
3468 5945
3469 2519
3470 1366
3471 6613
3472 4672
3473 2821
3474 5706
3475 6600
3476 977
3477 4221
3478 2913
3479 5904
3480 5417
3481 6135
3482 3797
3483 2577
3484 4335
3485 1988
3486 3127
3487 1575
3488 573
3489 4286
3490 3416
3491 3639
3492 5801
3493 3145
3494 5245
3495 3805
3496 5258
3497 1532
3498 2331
3499 2803
3500 6160
3501 1999
3502 827
3503 3947
3504 4129
3505 1095
3506 7168
3507 7142
3508 1256
3509 257
3510 150
3511 364
3512 1101
3513 2673
3514 2590
3515 654
3516 5940
3517 4394
3518 2701
3519 6298
3520 6331
3521 3570
3522 3110
3523 6154
3524 6071
3525 1639
3526 2124
3527 650
3528 5607
3529 349
3530 1487
3531 1350
3532 91
3533 673
3534 2966
3535 1783
3536 2777
3537 3600
3538 1458
3539 2022
3540 5973
3541 6910
3542 5642
3543 588
3544 263
3545 2357
3546 526
3547 2703
3548 3005
3549 5994
3550 5958
3551 3803
3552 190
3553 5560
3554 6010
3555 7149
3556 6285
3557 3964
3558 2408
3559 1733
3560 3954
3561 1052
3562 6990
3563 5623
3564 4940
3565 3644
3566 3479
3567 6876
3568 1743
3569 1893
3570 5899
3571 6045
3572 6977
3573 1309
3574 6209
3575 4026
3576 737
3577 6488
3578 3085
3579 4778
3580 1738
3581 514
3582 4197
3583 2620
3584 1096
3585 6415
3586 4787
3587 5172
3588 5606
3589 4650
3590 4521
3591 2353
3592 1885
3593 5449
3594 6406
3595 5699
3596 6436
3597 2009
3598 481
3599 6574
3600 492
3601 2820
3602 6566
3603 1662
3604 6225
3605 1807
3606 2291
3607 4412
3608 3711
3609 5570
3610 6504
3611 694
3612 5445
3613 5074
3614 6764
3615 587
3616 5773
3617 6281
3618 6655
3619 2398
3620 5913
3621 549
3622 1813
3623 9
3624 6962
3625 798
3626 644
3627 5863
3628 4133
3629 4904
3630 3689
3631 2753
3632 5215
3633 4376
3634 2933
3635 6520
3636 1606
3637 4124
3638 348
3639 2082
3640 6152
3641 6623
3642 2039
3643 2301
3644 6664
3645 366
3646 1339
3647 3084
3648 3138
3649 1855
3650 2683
3651 6508
3652 1164
3653 4693
3654 5148
3655 2480
3656 1146
3657 1930
3658 538
3659 7166
3660 6063
3661 5313
3662 1012
3663 4030
3664 1695
3665 679
3666 2911
3667 2064
3668 2127
3669 550
3670 2490
3671 223
3672 5310
3673 2962
3674 5995
3675 3168
3676 2890
3677 1030
3678 4974
3679 113
3680 6854
3681 5051
3682 3943
3683 5704
3684 4142
3685 6196
3686 6069
3687 3676
3688 4370
3689 1692
3690 4068
3691 4550
3692 6774
3693 2642
3694 712
3695 1308
3696 6400
3697 2581
3698 2845
3699 2053
3700 4533
3701 4930
3702 908
3703 2359
3704 1332
3705 3649
3706 4436
3707 5546
3708 4909
3709 3716
3710 3184
3711 4888
3712 6660
3713 6089
3714 2176
3715 433
3716 6412
3717 6170
3718 3931
3719 38
3720 3915
3721 403
3722 5504
3723 3881
3724 5005
3725 2456
3726 1213
3727 3411
3728 2143
3729 6492
3730 6770
3731 2798
3732 6200
3733 1346
3734 4609
3735 3173
3736 6124
3737 5938
3738 1890
3739 7121
3740 5587
3741 901
3742 3321
3743 3833
3744 4941
3745 3930
3746 2667
3747 4823
3748 394
3749 226
3750 409
3751 1313
3752 4054
3753 710
3754 4365
3755 4404
3756 3135
3757 2286
3758 3706
3759 3989
3760 3016
3761 3187
3762 1481
3763 4324
3764 4557
3765 6368
3766 6276
3767 2018
3768 277
3769 5135
3770 1307
3771 1154
3772 3169
3773 6119
3774 5210
3775 202
3776 3475
3777 6429
3778 5430
3779 4755
3780 2434
3781 3540
3782 6647
3783 4794
3784 4427
3785 920
3786 5167
3787 4206
3788 3861
3789 1558
3790 1258
3791 88
3792 1469
3793 3844
3794 5740
3795 6677
3796 5838
3797 4541
3798 3381
3799 4225
3800 4275
3801 1237
3802 2483
3803 5279
3804 1726
3805 6559
3806 3911
3807 6464
3808 593
3809 2404
3810 4653
3811 1937
3812 3953
3813 5591
3814 7087
3815 5690
3816 3249
3817 3499
3818 5723
3819 5326
3820 5879
3821 4234
3822 555
3823 715
3824 4023
3825 2731
3826 4132
3827 2034
3828 1835
3829 1131
3830 693
3831 960
3832 858
3833 5179
3834 5733
3835 930
3836 5340
3837 3659
3838 4953
3839 6342
3840 5150
3841 2230
3842 7093
3843 4188
3844 5075
3845 2093
3846 847
3847 2458
3848 2882
3849 245
3850 5315
3851 2500
3852 3714
3853 4575
3854 6752
3855 731
3856 3369
3857 2688
3858 2532
3859 3316
3860 2955
3861 57
3862 4999
3863 6056
3864 1047
3865 1668
3866 25
3867 6862
3868 2366
3869 5687
3870 2202
3871 3383
3872 4502
3873 6592
3874 1210
3875 816
3876 2585
3877 1169
3878 6786
3879 3625
3880 311
3881 7037
3882 225
3883 1685
3884 2530
3885 3606
3886 3421
3887 3671
3888 3863
3889 4834
3890 6820
3891 406
3892 4505
3893 2215
3894 2187
3895 5961
3896 891
3897 5762
3898 1352
3899 5851
3900 2860
3901 4226
3902 4332
3903 823
3904 5874
3905 6192
3906 4917
3907 3906
3908 6993
3909 2538
3910 3208
3911 5055
3912 147
3913 152
3914 1615
3915 5144
3916 720
3917 776
3918 6812
3919 5544
3920 2987
3921 2718
3922 234
3923 5486
3924 3730
3925 5651
3926 7012
3927 2784
3928 4311
3929 671
3930 3682
3931 1501
3932 15
3933 230
3934 5300
3935 4972
3936 3702
3937 5290
3938 572
3939 4010
3940 2477
3941 4807
3942 3432
3943 5159
3944 4410
3945 3362
3946 884
3947 1077
3948 5158
3949 583
3950 3577
3951 129
3952 85
3953 3027
3954 4072
3955 167
3956 2691
3957 5271
3958 6031
3959 2825
3960 4757
3961 6549
3962 1327
3963 6353
3964 333
3965 6951
3966 351
3967 2515
3968 1913
3969 5027
3970 3095
3971 5433
3972 2154
3973 789
3974 64
3975 2425
3976 548
3977 4692
3978 5375
3979 3374
3980 1702
3981 736
3982 5670
3983 4160
3984 2411
3985 3806
3986 520
3987 5774
3988 1753
3989 6499
3990 4358
3991 2664
3992 74
3993 4846
3994 362
3995 3472
3996 5309
3997 1518
3998 1637
3999 4213
4000 6760
4001 285
4002 2092
4003 2744
4004 460
4005 6936
4006 2837
4007 5948
4008 3226
4009 5354
4010 2116
4011 5338
4012 3662
4013 1916
4014 622
4015 1486
4016 6578
4017 3824
4018 101
4019 6066
4020 3220
4021 3070
4022 4310
4023 1683
4024 7164
4025 5367
4026 2910
4027 3605
4028 3746
4029 577
4030 6093
4031 3883
4032 2914
4033 2014
4034 471
4035 1878
4036 495
4037 1046
4038 5182
4039 4138
4040 5936
4041 7031
4042 627
4043 965
4044 6105
4045 6462
4046 4498
4047 3966
4048 6138
4049 559
4050 1945
4051 3986
4052 870
4053 5713
4054 4277
4055 5923
4056 2067
4057 2131
4058 2121
4059 1712
4060 5337
4061 635
4062 6255
4063 1351
4064 4643
4065 4161
4066 6407
4067 2883
4068 2245
4069 1048
4070 125
4071 2991
4072 2877
4073 6877
4074 805
4075 2424
4076 1746
4077 2653
4078 389
4079 2308
4080 2900
4081 1895
4082 1852
4083 4180
4084 5902
4085 4325
4086 4480
4087 2651
4088 567
4089 1624
4090 162
4091 24
4092 151
4093 6522
4094 2326
4095 1646
4096 1691
4097 4775
4098 2847
4099 4817
4100 1752
4101 54
4102 1634
4103 1607
4104 5673
4105 5230
4106 2568
4107 938
4108 1765
4109 888
4110 3595
4111 2615
4112 2529
4113 7131
4114 2222
4115 6080
4116 2436
4117 4776
4118 2949
4119 5264
4120 670
4121 4466
4122 5521
4123 4611
4124 2235
4125 4605
4126 6313
4127 7143
4128 4950
4129 6642
4130 2832
4131 1334
4132 5054
4133 6157
4134 4211
4135 5656
4136 5886
4137 3785
4138 6224
4139 948
4140 4425
4141 1777
4142 4682
4143 1887
4144 3327
4145 3834
4146 1521
4147 1410
4148 3349
4149 6343
4150 3125
4151 3617
4152 2329
4153 1076
4154 4642
4155 1141
4156 4978
4157 3000
4158 1311
4159 5211
4160 2179
4161 1061
4162 2468
4163 1001
4164 1459
4165 844
4166 956
4167 2496
4168 5299
4169 5525
4170 2765
4171 2509
4172 3907
4173 5840
4174 2061
4175 3348
4176 5852
4177 3072
4178 6921
4179 2051
4180 6799
4181 4782
4182 3188
4183 1219
4184 5325
4185 5112
4186 22
4187 6896
4188 1395
4189 3748
4190 3440
4191 4527
4192 5047
4193 516
4194 6555
4195 426
4196 693
4197 1449
4198 1775
4199 3324
4200 3647
4201 5894
4202 1805
4203 1503
4204 1976
4205 2936
4206 4811
4207 397
4208 5357
4209 3109
4210 4667
4211 791
4212 4371
4213 2293
4214 1129
4215 1243
4216 1222
4217 507
4218 1803
4219 1097
4220 4932
4221 1721
4222 2612
4223 4512
4224 5487
4225 2180
4226 6612
4227 4634
4228 5115
4229 1570
4230 7018
4231 2157
4232 2661
4233 4287
4234 3827
4235 2445
4236 3050
4237 6454
4238 1730
4239 6886
4240 6076
4241 1563
4242 503
4243 7051
4244 2702
4245 983
4246 5617
4247 1911
4248 7133
4249 184
4250 66
4251 6541
4252 1124
4253 313
4254 7128
4255 1549
4256 5359
4257 1367
4258 5703
4259 5561
4260 3776
4261 103
4262 4385
4263 1119
4264 2043
4265 6168
4266 267
4267 1867
4268 5514
4269 4517
4270 1231
4271 1252
4272 99
4273 2251
4274 6913
4275 5041
4276 4033
4277 2817
4278 2265
4279 1010
4280 3194
4281 1444
4282 4224
4283 5392
4284 1819
4285 4184
4286 3395
4287 651
4288 3469
4289 5910
4290 5966
4291 6804
4292 924
4293 6547
4294 969
4295 2914
4296 1847
4297 4442
4298 4
4299 533
4300 1024
4301 135
4302 2356
4303 1524
4304 4618
4305 46
4306 4911
4307 2290
4308 6634
4309 5814
4310 2732
4311 3709
4312 3340
4313 5577
4314 2349
4315 3128
4316 732
4317 2407
4318 3007
4319 5862
4320 1387
4321 4342
4322 5657
4323 7084
4324 4229
4325 92
4326 6771
4327 6097
4328 2113
4329 3266
4330 6702
4331 303
4332 2266
4333 4683
4334 2678
4335 357
4336 1771
4337 4878
4338 1068
4339 1064
4340 6814
4341 1769
4342 2974
4343 3998
4344 1969
4345 319
4346 3561
4347 2068
4348 5986
4349 595
4350 1935
4351 6967
4352 674
4353 435
4354 1029
4355 2112
4356 1608
4357 2159
4358 6174
4359 4112
4360 879
4361 4480
4362 6875
4363 3969
4364 1451
4365 4709
4366 272
4367 3330
4368 6570
4369 7058
4370 2105
4371 980
4372 1479
4373 6393
4374 5119
4375 861
4376 4322
4377 1043
4378 1882
4379 4000
4380 4086
4381 1938
4382 1778
4383 278
4384 824
4385 6212
4386 1121
4387 203
4388 2628
4389 882
4390 433
4391 6432
4392 931
4393 5817
4394 3462
4395 2442
4396 6678
4397 6267
4398 5302
4399 2139
4400 3986
4401 6621
4402 3638
4403 1236
4404 4523
4405 3288
4406 2893
4407 2780
4408 2719
4409 212
4410 1821
4411 5698
4412 4652
4413 4979
4414 2736
4415 3793
4416 4558
4417 3533
4418 2335
4419 1117
4420 2455
4421 2318
4422 6245
4423 3111
4424 5550
4425 1088
4426 1926
4427 5146
4428 3816
4429 1806
4430 3991
4431 1612
4432 4433
4433 1359
4434 2050
4435 1212
4436 2979
4437 6088
4438 5784
4439 3908
4440 1881
4441 3314
4442 2197
4443 5529
4444 2081
4445 6171
4446 2773
4447 168
4448 2165
4449 5749
4450 5567
4451 4525
4452 773
4453 1946
4454 466
4455 767
4456 667
4457 377
4458 6509
4459 5632
4460 3811
4461 4490
4462 4040
4463 218
4464 2443
4465 1622
4466 2591
4467 2059
4468 2756
4469 1542
4470 992
4471 3530
4472 2036
4473 2897
4474 4070
4475 6687
4476 3239
4477 4871
4478 3699
4479 2031
4480 6949
4481 774
4482 3183
4483 3137
4484 3976
4485 5377
4486 5941
4487 3735
4488 1404
4489 2727
4490 6083
4491 807
4492 6095
4493 5869
4494 445
4495 3589
4496 4361
4497 5399
4498 3526
4499 2533
4500 6207
4501 676
4502 4879
4503 5254
4504 1679
4505 1070
4506 1034
4507 6778
4508 5717
4509 6142
4510 1571
4511 4050
4512 3674
4513 1863
4514 1089
4515 4509
4516 6557
4517 5451
4518 6101
4519 6098
4520 2441
4521 4622
4522 5831
4523 2926
4524 4588
4525 5512
4526 1908
4527 3299
4528 2986
4529 4805
4530 4646
4531 1932
4532 485
4533 4998
4534 5968
4535 1288
4536 4401
4537 3322
4538 5072
4539 2968
4540 2225
4541 3558
4542 2657
4543 4939
4544 2833
4545 4773
4546 1280
4547 2207
4548 5792
4549 6789
4550 134
4551 2132
4552 3062
4553 3481
4554 6890
4555 7076
4556 2302
4557 6421
4558 3178
4559 2320
4560 2906
4561 3359
4562 6723
4563 4372
4564 1569
4565 2029
4566 1811
4567 2618
4568 1594
4569 6318
4570 3430
4571 3048
4572 1991
4573 6037
4574 3334
4575 4859
4576 4954
4577 6074
4578 556
4579 7119
4580 5345
4581 123
4582 3901
4583 510
4584 399
4585 5156
4586 1409
4587 163
4588 5689
4589 1377
4590 5648
4591 6792
4592 3641
4593 6198
4594 7102
4595 468
4596 1315
4597 4561
4598 5009
4599 1412
4600 4214
4601 1509
4602 3637
4603 6349
4604 4089
4605 4540
4606 607
4607 2391
4608 1583
4609 5259
4610 4754
4611 3652
4612 2594
4613 3557
4614 2916
4615 4345
4616 806
4617 1537
4618 2975
4619 107
4620 3214
4621 2478
4622 1391
4623 12
4624 5722
4625 3728
4626 4057
4627 5362
4628 1957
4629 2497
4630 6365
4631 395
4632 6653
4633 3468
4634 856
4635 6750
4636 2507
4637 358
4638 2330
4639 6183
4640 1633
4641 4406
4642 1561
4643 1944
4644 6430
4645 6197
4646 6705
4647 2695
4648 6514
4649 2430
4650 4009
4651 3058
4652 6018
4653 4840
4654 867
4655 5552
4656 455
4657 373
4658 6141
4659 1943
4660 5414
4661 6417
4662 3190
4663 2867
4664 6654
4665 6823
4666 1357
4667 5226
4668 2461
4669 1517
4670 843
4671 4874
4672 89
4673 3538
4674 3610
4675 1677
4676 439
4677 2643
4678 5787
4679 2451
4680 143
4681 475
4682 3108
4683 613
4684 3934
4685 968
4686 793
4687 7049
4688 3244
4689 3784
4690 3723
4691 5860
4692 2414
4693 5707
4694 5336
4695 2842
4696 6931
4697 2816
4698 274
4699 3762
4700 2918
4701 4934
4702 5373
4703 1364
4704 379
4705 6861
4706 2333
4707 1078
4708 2539
4709 5138
4710 2000
4711 5147
4712 5418
4713 1181
4714 6903
4715 3473
4716 3802
4717 4177
4718 3830
4719 2412
4720 5892
4721 6821
4722 6140
4723 689
4724 6585
4725 312
4726 860
4727 1420
4728 268
4729 3514
4730 6905
4731 1578
4732 4272
4733 6975
4734 2309
4735 2021
4736 5750
4737 302
4738 4239
4739 5011
4740 124
4741 4671
4742 636
4743 4150
4744 2634
4745 796
4746 2696
4747 1800
4748 4554
4749 6694
4750 446
4751 4975
4752 96
4753 4282
4754 5908
4755 3196
4756 662
4757 1417
4758 1751
4759 6558
4760 4020
4761 1538
4762 1647
4763 31
4764 201
4765 5446
4766 6856
4767 5520
4768 5679
4769 2589
4770 6289
4771 5320
4772 4196
4773 2437
4774 3865
4775 1452
4776 1291
4777 2958
4778 3664
4779 4059
4780 97
4781 783
4782 6737
4783 6717
4784 1972
4785 6448
4786 114
4787 2284
4788 825
4789 7028
4790 4375
4791 3601
4792 3825
4793 6252
4794 3574
4795 1384
4796 5262
4797 6147
4798 4877
4799 7006
4800 2522
4801 5714
4802 779
4803 6957
4804 1206
4805 6081
4806 5229
4807 6193
4808 2409
4809 5488
4810 5855
4811 2200
4812 2155
4813 4254
4814 4396
4815 6187
4816 3850
4817 2060
4818 4822
4819 3444
4820 7127
4821 529
4822 3704
4823 6744
4824 6322
4825 6262
4826 5759
4827 5661
4828 5311
4829 1820
4830 2554
4831 1904
4832 7136
4833 198
4834 6156
4835 3618
4836 6143
4837 6194
4838 6933
4839 3364
4840 5915
4841 4032
4842 344
4843 4562
4844 1118
4845 2746
4846 1092
4847 5396
4848 699
4849 112
4850 5564
4851 1125
4852 2338
4853 1045
4854 5665
4855 4728
4856 1275
4857 3616
4858 2339
4859 3379
4860 4923
4861 5169
4862 1762
4863 6038
4864 868
4865 335
4866 2587
4867 40
4868 1336
4869 652
4870 4602
4871 2648
4872 1627
4873 5071
4874 1471
4875 6781
4876 4612
4877 3339
4878 1306
4879 4288
4880 5781
4881 1421
4882 4522
4883 2071
4884 5812
4885 2133
4886 4886
4887 3402
4888 3788
4889 7047
4890 6935
4891 907
4892 5352
4893 6943
4894 3022
4895 3752
4896 7125
4897 138
4898 1104
4899 487
4900 4036
4901 751
4902 1548
4903 5066
4904 3826
4905 1168
4906 5950
4907 3537
4908 4250
4909 5383
4910 1467
4911 3852
4912 5391
4913 4873
4914 4699
4915 5746
4916 385
4917 1589
4918 1152
4919 4841
4920 5132
4921 4094
4922 2977
4923 3407
4924 5043
4925 4725
4926 5137
4927 1292
4928 4580
4929 1565
4930 582
4931 2342
4932 4678
4933 6230
4934 3276
4935 6326
4936 1079
4937 3849
4938 5014
4939 6673
4940 6360
4941 1601
4942 18
4943 247
4944 2715
4945 2365
4946 1075
4947 6470
4948 6275
4949 3750
4950 3042
4951 6311
4952 5007
4953 5125
4954 1374
4955 330
4956 4494
4957 6797
4958 6226
4959 3919
4960 917
4961 733
4962 3767
4963 5769
4964 6042
4965 4648
4966 4537
4967 1299
4968 428
4969 5839
4970 1651
4971 1091
4972 1232
4973 4865
4974 5808
4975 5999
4976 287
4977 4661
4978 3345
4979 3982
4980 265
4981 1816
4982 3918
4983 949
4984 2177
4985 2275
4986 4902
4987 665
4988 5453
4989 578
4990 4654
4991 3778
4992 5287
4993 6484
4994 3949
4995 5068
4996 5885
4997 770
4998 4166
4999 6061
5000 6175
5001 261
5002 4114
5003 2814
5004 1080
5005 2486
5006 1439
5007 4915
5008 1683
5009 7000
5010 3766
5011 3301
5012 3661
5013 2548
5014 478
5015 1110
5016 1761
5017 3529
5018 1700
5019 2362
5020 3814
5021 2884
5022 5568
5023 310
5024 2374
5025 15
5026 6477
5027 5878
5028 6898
5029 3578
5030 3998
5031 5658
5032 3105
5033 1727
5034 3889
5035 111
5036 3669
5037 1718
5038 2666
5039 4880
5040 447
5041 1047
5042 4383
5043 1792
5044 6030
5045 1312
5046 725
5047 1161
5048 2836
5049 4770
5050 1671
5051 3757
5052 3264
5053 2792
5054 598
5055 1408
5056 71
5057 5680
5058 3260
5059 1706
5060 6325
5061 916
5062 2561
5063 5194
5064 378
5065 1491
5066 817
5067 4749
5068 6128
5069 3713
5070 5117
5071 1939
5072 2832
5073 5186
5074 3150
5075 3218
5076 6259
5077 892
5078 6053
5079 5394
5080 4901
5081 1290
5082 6616
5083 5407
5084 3542
5085 3983
5086 682
5087 6447
5088 542
5089 3013
5090 4636
5091 3082
5092 6296
5093 1985
5094 3248
5095 2841
5096 2149
5097 4434
5098 6503
5099 5034
5100 4883
5101 4416
5102 3870
5103 7120
5104 5919
5105 3306
5106 1955
5107 2939
5108 6442
5109 44
5110 1171
5111 16
5112 4556
5113 4064
5114 308
5115 1598
5116 1530
5117 250
5118 4327
5119 1476
5120 3615
5121 210
5122 4350
5123 1483
5124 6381
5125 5238
5126 5349
5127 6776
5128 5121
5129 1918
5130 345
5131 5737
5132 5566
5133 1195
5134 1540
5135 5821
5136 10
5137 1008
5138 3952
5139 3256
5140 624
5141 6473
5142 72
5143 1921
5144 5463
5145 2960
5146 2182
5147 3585
5148 2827
5149 1223
5150 6761
5151 6699
5152 2848
5153 3341
5154 3136
5155 5555
5156 194
5157 3642
5158 2002
5159 4621
5160 4986
5161 6021
5162 2257
5163 4455
5164 655
5165 1246
5166 3079
5167 5171
5168 3769
5169 4913
5170 3660
5171 3837
5172 4386
5173 4249
5174 6767
5175 3864
5176 5818
5177 6720
5178 3980
5179 2049
5180 7009
5181 6676
5182 705
5183 6583
5184 4292
5185 2489
5186 5927
5187 3725
5188 554
5189 4469
5190 6939
5191 4402
5192 1098
5193 5624
5194 880
5195 232
5196 2405
5197 3319
5198 3167
5199 2185
5200 834
5201 3630
5202 3817
5203 6351
5204 6150
5205 1832
5206 6073
5207 7152
5208 1022
5209 3681
5210 641
5211 1145
5212 2649
5213 371
5214 140
5215 1190
5216 2244
5217 1398
5218 3143
5219 995
5220 4320
5221 3075
5222 86
5223 4632
5224 6972
5225 4435
5226 3175
5227 2299
5228 6783
5229 6940
5230 525
5231 2141
5232 3812
5233 2737
5234 6003
5235 688
5236 2717
5237 910
5238 1373
5239 1590
5240 788
5241 4828
5242 369
5243 6012
5244 1294
5245 634
5246 4432
5247 3636
5248 4367
5249 4317
5250 585
5251 2607
5252 4970
5253 6741
5254 3102
5255 3984
5256 464
5257 5588
5258 2313
5259 2574
5260 3408
5261 248
5262 7068
5263 3161
5264 5168
5265 5573
5266 4944
5267 1093
5268 4625
5269 3149
5270 5193
5271 6137
5272 4078
5273 923
5274 2807
5275 2237
5276 1553
5277 4969
5278 172
5279 4116
5280 4483
5281 4792
5282 4962
5283 4192
5284 5149
5285 6229
5286 860
5287 361
5288 3763
5289 3819
5290 4698
5291 3924
5292 5008
5293 1360
5294 4836
5295 1794
5296 5289
5297 787
5298 5719
5299 1903
5300 4889
5301 4474
5302 2789
5303 4943
5304 6530
5305 4516
5306 2261
5307 2370
5308 3782
5309 1474
5310 6402
5311 6683
5312 2675
5313 1525
5314 3821
5315 1588
5316 5518
5317 4187
5318 6274
5319 4713
5320 3541
5321 3568
5322 4863
5323 6567
5324 7032
5325 3361
5326 6419
5327 1877
5328 4959
5329 6364
5330 6445
5331 448
5332 5724
5333 804
5334 2751
5335 7083
5336 6942
5337 6534
5338 6679
5339 1071
5340 1947
5341 1464
5342 5946
5343 4174
5344 5952
5345 3318
5346 3564
5347 2274
5348 5790
5349 6375
5350 2721
5351 242
5352 2985
5353 1005
5354 2524
5355 4893
5356 5793
5357 6087
5358 6798
5359 3259
5360 6918
5361 3293
5362 6826
5363 6882
5364 4938
5365 4640
5366 947
5367 2659
5368 1694
5369 1716
5370 336
5371 5199
5372 6064
5373 623
5374 4564
5375 6273
5376 5219
5377 5220
5378 2676
5379 1894
5380 6571
5381 3513
5382 6444
5383 2048
5384 3206
5385 5069
5386 2129
5387 173
5388 2072
5389 2879
5390 4360
5391 1218
5392 3056
5393 6550
5394 7005
5395 5639
5396 6172
5397 5412
5398 6494
5399 5038
5400 5139
5401 4921
5402 602
5403 1784
5404 6379
5405 6543
5406 2903
5407 933
5408 3611
5409 3667
5410 5154
5411 256
5412 2392
5413 3047
5414 6397
5415 6846
5416 76
5417 5078
5418 547
5419 2684
5420 415
5421 1250
5422 5001
5423 5436
5424 3974
5425 5099
5426 3502
5427 1014
5428 3258
5429 3146
5430 6123
5431 3251
5432 6835
5433 890
5434 2999
5435 2982
5436 4069
5437 1567
5438 4307
5439 3474
5440 5285
5441 7108
5442 3789
5443 3938
5444 1754
5445 2965
5446 6304
5447 2171
5448 1038
5449 4967
5450 7109
5451 4759
5452 3635
5453 4729
5454 1914
5455 430
5456 5920
5457 3025
5458 2111
5459 2223
5460 2637
5461 3152
5462 6203
5463 7130
5464 2256
5465 4079
5466 6831
5467 1648
5468 5576
5469 1058
5470 5569
5471 78
5472 1674
5473 4048
5474 5297
5475 56
5476 2089
5477 423
5478 2101
5479 7091
5480 5846
5481 531
5482 3347
5483 6539
5484 1994
5485 1919
5486 4193
5487 5327
5488 6603
5489 1414
5490 219
5491 1597
5492 832
5493 5263
5494 2611
5495 2563
5496 3476
5497 738
5498 3441
5499 5918
5500 5040
5501 2603
5502 859
5503 4115
5504 1546
5505 5836
5506 5440
5507 4456
5508 5900
5509 6794
5510 4956
5511 3809
5512 6533
5513 1335
5514 5543
5515 4587
5516 3672
5517 4854
5518 3489
5519 628
5520 6246
5521 4847
5522 1333
5523 3114
5524 3363
5525 6883
5526 7165
5527 1655
5528 2747
5529 4993
5530 2787
5531 1709
5532 541
5533 1980
5534 4015
5535 3460
5536 3633
5537 3698
5538 4061
5539 6996
5540 6328
5541 1011
5542 6785
5543 739
5544 3697
5545 5675
5546 451
5547 7141
5548 1675
5549 4257
5550 4003
5551 3777
5552 5924
5553 845
5554 1462
5555 1572
5556 5688
5557 1065
5558 3583
5559 1755
5560 1496
5561 258
5562 5335
5563 2492
5564 5795
5565 902
5566 1020
5567 7115
5568 5601
5569 4319
5570 5730
5571 5702
5572 5331
5573 1488
5574 175
5575 5
5576 6048
5577 260
5578 1049
5579 6474
5580 6709
5581 3509
5582 1025
5583 1954
5584 4237
5585 7153
5586 5065
5587 4387
5588 1510
5589 4772
5590 2876
5591 2870
5592 5539
5593 853
5594 2627
5595 1656
5596 4165
5597 2163
5598 3775
5599 5448
5600 3916
5601 5893
5602 950
5603 157
5604 2555
5605 6344
5606 6277
5607 1105
5608 5553
5609 2126
5610 698
5611 3245
5612 3410
5613 4111
5614 5870
5615 7020
5616 4035
5617 1759
5618 5371
5619 3546
5620 2167
5621 992
5622 4261
5623 2186
5624 2811
5625 5726
5626 4314
5627 6651
5628 6980
5629 7078
5630 4491
5631 5342
5632 6562
5633 2254
5634 5469
5635 3433
5636 4119
5637 4994
5638 3414
5639 3550
5640 3958
5641 2316
5642 6878
5643 6900
5644 2851
5645 4922
5646 298
5647 3283
5648 432
5649 7126
5650 1297
5651 480
5652 2427
5653 5450
5654 6112
5655 2981
5656 852
5657 4102
5658 191
5659 5013
5660 3088
5661 6738
5662 2205
5663 87
5664 744
5665 60
5666 846
5667 3262
5668 2685
5669 5884
5670 4019
5671 4798
5672 5896
5673 1857
5674 4645
5675 6832
5676 6134
5677 1200
5678 5062
5679 1826
5680 1304
5681 5329
5682 5183
5683 2927
5684 922
5685 1026
5686 575
5687 4946
5688 5441
5689 5305
5690 1188
5691 3457
5692 2828
5693 1747
5694 52
5695 6394
5696 3720
5697 5917
5698 4935
5699 5260
5700 4351
5701 2523
5702 2334
5703 3857
5704 1768
5705 2024
5706 102
5707 5176
5708 6466
5709 4720
5710 2253
5711 424
5712 6645
5713 3459
5714 4658
5715 5829
5716 579
5717 4013
5718 3448
5719 2140
5720 2242
5721 497
5722 518
5723 5303
5724 3153
5725 3524
5726 2904
5727 1949
5728 6649
5729 5363
5730 1326
5731 3512
5732 4718
5733 2080
5734 6512
5735 3370
5736 289
5737 4175
5738 3024
5739 1425
5740 4366
5741 5006
5742 35
5743 4995
5744 5457
5745 5859
5746 5849
5747 5142
5748 4470
5749 3495
5750 4734
5751 690
5752 2438
5753 1205
5754 6892
5755 3965
5756 4301
5757 4475
5758 1067
5759 122
5760 6524
5761 5984
5762 4414
5763 809
5764 4243
5765 4551
5766 2912
5767 3742
5768 2358
5769 4942
5770 1573
5771 3267
5772 119
5773 819
5774 3257
5775 7036
5776 6424
5777 5669
5778 1394
5779 6715
5780 1448
5781 1138
5782 3715
5783 6022
5784 2513
5785 3892
5786 1042
5787 5471
5788 6369
5789 6237
5790 1708
5791 981
5792 5618
5793 4437
5794 6162
5795 1383
5796 2956
5797 5435
5798 734
5799 2689
5800 5379
5801 1515
5802 3967
5803 4866
5804 6790
5805 3729
5806 1056
5807 6637
5808 2943
5809 1870
5810 5269
5811 6765
5812 2388
5813 1519
5814 5581
5815 154
5816 1341
5817 3367
5818 3854
5819 1909
5820 5921
5821 5280
5822 3594
5823 5419
5824 760
5825 2863
5826 6830
5827 6873
5828 1211
5829 6356
5830 6217
5831 5776
5832 3046
5833 3427
5834 1173
5835 6036
5836 6441
5837 4620
5838 1225
5839 2709
5840 4495
5841 1555
5842 5996
5843 6163
5844 398
5845 6210
5846 4201
5847 2360
5848 5390
5849 6057
5850 1889
5851 7067
5852 3871
5853 1278
5854 3159
5855 5538
5856 7129
5857 3508
5858 2162
5859 5853
5860 1984
5861 3521
5862 881
5863 4793
5864 2687
5865 4355
5866 506
5867 3087
5868 2099
5869 6887
5870 1901
5871 811
5872 4659
5873 6988
5874 1187
5875 1616
5876 2776
5877 3534
5878 2937
5879 4604
5880 5506
5881 3631
5882 2467
5883 3028
5884 1527
5885 6051
5886 6929
5887 1147
5888 307
5889 1310
5890 2394
5891 505
5892 2164
5893 3896
5894 2806
5895 6475
5896 2372
5897 3412
5898 1354
5899 2873
5900 5748
5901 2415
5902 3420
5903 49
5904 5410
5905 2470
5906 5556
5907 4845
5908 353
5909 5216
5910 4060
5911 5548
5912 2466
5913 5779
5914 4810
5915 5057
5916 2579
5917 5708
5918 4202
5919 4663
5920 1227
5921 4346
5922 3891
5923 4937
5924 2694
5925 1293
5926 540
5927 2023
5928 2361
5929 4848
5930 4477
5931 4417
5932 2488
5933 801
5934 3337
5935 6312
5936 5151
5937 4594
5938 4535
5939 2026
5940 5175
5941 6279
5942 7062
5943 17
5944 2324
5945 62
5946 1330
5947 1242
5948 849
5949 5756
5950 2168
5951 4407
5952 4038
5953 2869
5954 4146
5955 4232
5956 5378
5957 5676
5958 3229
5959 6389
5960 7014
5961 1062
5962 2317
5963 768
5964 6599
5965 6521
5966 1239
5967 5498
5968 2195
5969 2741
5970 5304
5971 5114
5972 1833
5973 3100
5974 2498
5975 6982
5976 3520
5977 5828
5978 3773
5979 6923
5980 5129
5981 6019
5982 1460
5983 826
5984 4298
5985 1640
5986 1776
5987 4761
5988 3073
5989 2153
5990 2226
5991 2413
5992 7163
5993 6451
5994 6908
5995 7007
5996 5039
5997 1362
5998 724
5999 2277
6000 3234
6001 5278
6002 6604
6003 2145
6004 4210
6005 1559
6006 2281
6007 4768
6008 4204
6009 1725
6010 3745
6011 393
6012 3563
6013 4155
6014 2553
6015 7008
6016 1841
6017 2567
6018 1380
6019 3516
6020 3304
6021 3323
6022 2146
6023 3177
6024 470
6025 1978
6026 6838
6027 3166
6028 1613
6029 3603
6030 2238
6031 1682
6032 6879
6033 1284
6034 6232
6035 5655
6036 2228
6037 2583
6038 7124
6039 3238
6040 6833
6041 1531
6042 1396
6043 1868
6044 4281
6045 4864
6046 1814
6047 3569
6048 3860
6049 3663
6050 6404
6051 5346
6052 5663
6053 224
6054 6974
6055 3855
6056 2525
6057 7097
6058 2767
6059 4373
6060 6000
6061 1638
6062 2826
6063 2679
6064 1920
6065 4479
6066 4151
6067 4413
6068 1142
6069 4339
6070 2399
6071 5460
6072 6164
6073 6065
6074 5085
6075 1514
6076 3351
6077 207
6078 3418
6079 5328
6080 3813
6081 657
6082 5957
6083 855
6084 1635
6085 2012
6086 7015
6087 3758
6088 1166
6089 6414
6090 2446
6091 4137
6092 5640
6093 6945
6094 2420
6095 6027
6096 5095
6097 6438
6098 6339
6099 1749
6100 1960
6101 7082
6102 3749
6103 5133
6104 1457
6105 4025
6106 2766
6107 1508
6108 216
6109 4283
6110 6546
6111 808
6112 726
6113 4719
6114 2517
6115 3981
6116 4971
6117 2151
6118 6478
6119 6151
6120 2403
6121 4507
6122 762
6123 375
6124 713
6125 81
6126 388
6127 6366
6128 3839
6129 6725
6130 6431
6131 6859
6132 5928
6133 3842
6134 2630
6135 3905
6136 3203
6137 5046
6138 517
6139 4980
6140 2447
6141 4763
6142 5507
6143 7104
6144 2269
6145 3449
6146 3033
6147 2588
6148 1941
6149 4356
6150 4821
6151 4205
6152 857
6153 1441
6154 7035
6155 718
6156 6215
6157 1334
6158 3452
6159 3093
6160 6235
6161 6728
6162 2217
6163 1193
6164 130
6165 781
6166 5631
6167 2891
6168 1130
6169 3878
6170 1705
6171 2631
6172 405
6173 521
6174 4856
6175 1263
6176 1576
6177 6946
6178 6179
6179 6261
6180 5382
6181 4884
6182 6266
6183 149
6184 2797
6185 2843
6186 6481
6187 6496
6188 7021
6189 1715
6190 5744
6191 1450
6192 4065
6193 5080
6194 513
6195 6180
6196 4629
6197 5783
6198 217
6199 2595
6200 6195
6201 3091
6202 171
6203 6914
6204 2957
6205 6218
6206 2880
6207 2083
6208 4635
6209 6736
6210 4388
6211 2052
6212 2189
6213 3555
6214 2369
6215 1334
6216 5954
6217 6506
6218 1533
6219 6287
6220 4616
6221 2348
6222 3307
6223 7176
6224 3596
6225 2481
6226 5542
6227 897
6228 4920
6229 2794
6230 5284
6231 6374
6232 4700
6233 5667
6234 2546
6235 1854
6236 7002
6237 7170
6238 6590
6239 7060
6240 6757
6241 5533
6242 750
6243 376
6244 4380
6245 1986
6246 165
6247 3663
6248 2364
6249 2184
6250 5907
6251 6283
6252 6006
6253 1965
6254 714
6255 5613
6256 5972
6257 5021
6258 6950
6259 3971
6260 4347
6261 4813
6262 2314
6263 3376
6264 1180
6265 5096
6266 1720
6267 3155
6268 4377
6269 2645
6270 408
6271 4185
6272 1277
6273 2516
6274 326
6275 5497
6276 4127
6277 6058
6278 4976
6279 1795
6280 3909
6281 3768
6282 3567
6283 3628
6284 4306
6285 2303
6286 5868
6287 913
6288 5524
6289 3224
6290 4122
6291 1687
6292 2705
6293 1355
6294 3252
6295 5641
6296 6017
6297 1209
6298 612
6299 5614
6300 6587
6301 1406
6302 465
6303 1690
6304 3141
6305 2304
6306 3045
6307 6801
6308 6586
6309 1196
6310 374
6311 1106
6312 6589
6313 5459
6314 5526
6315 3353
6316 2390
6317 5998
6318 728
6319 6538
6320 4726
6321 6685
6322 3227
6323 1127
6324 5929
6325 6598
6326 2055
6327 6722
6328 709
6329 1282
6330 4445
6331 367
6332 6837
6333 294
6334 1283
6335 6199
6336 3405
6337 6059
6338 4222
6339 3117
6340 370
6341 6265
6342 1859
6343 5094
6344 6029
6345 2895
6346 7138
6347 1006
6348 782
6349 6614
6350 2527
6351 1023
6352 632
6353 2063
6354 755
6355 2224
6356 5822
6357 5489
6358 1649
6359 266
6360 2448
6361 5805
6362 4149
6363 508
6364 5595
6365 6601
6366 3486
6367 3064
6368 5079
6369 1644
6370 2098
6371 1497
6372 5044
6373 5200
6374 3303
6375 1189
6376 4504
6377 3536
6378 1745
6379 1002
6380 3525
6381 3621
6382 1153
6383 621
6384 2712
6385 6497
6386 3428
6387 6816
6388 6926
6389 4011
6390 3192
6391 4714
6392 5905
6393 2433
6394 1186
6395 2108
6396 5252
6397 2865
6398 2134
6399 6751
6400 5286
6401 4831
6402 4106
6403 3240
6404 2617
6405 3928
6406 2698
6407 524
6408 2954
6409 3012
6410 6989
6411 2401
6412 2312
6413 6756
6414 1123
6415 1764
6416 3579
6417 4664
6418 3415
6419 3593
6420 4276
6421 617
6422 1973
6423 3560
6424 3646
6425 4393
6426 4704
6427 7079
6428 6068
6429 4666
6430 1055
6431 5856
6432 43
6433 2748
6434 4687
6435 5718
6436 3587
6437 1993
6438 6729
6439 2512
6440 6177
6441 4460
6442 4827
6443 5637
6444 2109
6445 2046
6446 227
6447 1645
6448 6628
6449 4819
6450 5815
6451 4766
6452 697
6453 1371
6454 5365
6455 2917
6456 4501
6457 238
6458 1586
6459 2899
6460 2963
6461 3388
6462 2713
6463 2633
6464 350
6465 4251
6466 1693
6467 6461
6468 4544
6469 5551
6470 384
6471 1068
6472 5522
6473 3133
6474 4929
6475 4926
6476 5477
6477 3990
6478 3287
6479 4228
6480 940
6481 2686
6482 4849
6483 1836
6484 1082
6485 2976
6486 954
6487 4374
6488 1658
6489 5609
6490 5969
6491 4626
6492 4949
6493 4903
6494 474
6495 875
6496 1888
6497 3498
6498 896
6499 6863
6500 6638
6501 5356
6502 2834
6503 1385
6504 6924
6505 5402
6506 4989
6507 706
6508 2423
6509 6629
6510 906
6511 2978
6512 322
6513 6446
6514 7001
6515 2849
6516 1337
6517 3743
6518 502
6519 3185
6520 2790
6521 1021
6522 58
6523 1372
6524 1432
6525 5891
6526 5104
6527 5307
6528 3277
6529 3963
6530 1839
6531 5107
6532 2782
6533 2198
6534 2352
6535 73
6536 3705
6537 678
6538 1057
6539 3356
6540 3956
6541 6544
6542 2445
6543 5083
6544 4760
6545 6308
6546 6842
6547 5341
6548 2494
6549 4689
6550 2566
6551 4610
6552 3134
6553 1603
6554 1577
6555 4988
6556 1482
6557 4724
6558 5766
6559 6118
6560 1175
6561 309
6562 5089
6563 2188
6564 5002
6565 2898
6566 141
6567 438
6568 1763
6569 3268
6570 2793
6571 5935
6572 4220
6573 1958
6574 2872
6575 1466
6576 991
6577 3435
6578 2599
6579 6044
6580 4403
6581 1853
6582 4154
6583 5887
6584 626
6585 117
6586 3313
6587 681
6588 4379
6589 3029
6590 452
6591 1641
6592 2740
6593 625
6594 1830
6595 2169
6596 3419
6597 2681
6598 3807
6599 4331
6600 3465
6601 6471
6602 5028
6603 4290
6604 7148
6605 6609
6606 4723
6607 6121
6608 5626
6609 1611
6610 967
6611 1178
6612 5343
6613 3158
6614 169
6615 3231
6616 2536
6617 2562
6618 2502
6619 4931
6620 355
6621 228
6622 1072
6623 2758
6624 4218
6625 4589
6626 6467
6627 2700
6628 5858
6629 1785
6630 1547
6631 3413
6632 590
6633 3445
6634 3336
6635 80
6636 317
6637 5584
6638 921
6639 765
6640 842
6641 5825
6642 259
6643 4812
6644 951
6645 2306
6646 2559
6647 3450
6648 4598
6649 1620
6650 1191
6651 6127
6652 4457
6653 5421
6654 5729
6655 2662
6656 5152
6657 6947
6658 6086
6659 1470
6660 3744
6661 4737
6662 2896
6663 2540
6664 6871
6665 82
6666 1664
6667 7022
6668 240
6669 1137
6670 6161
6671 2045
6672 3464
6673 520
6674 6648
6675 3823
6676 300
6677 4919
6678 780
6679 4918
6680 4786
6681 2382
6682 745
6683 5895
6684 3531
6685 2558
6686 3026
6687 1140
6688 3959
6689 5174
6690 2908
6691 1851
6692 523
6693 4235
6694 2952
6695 2706
6696 6050
6697 3204
6698 658
6699 477
6700 871
6701 3467
6702 5163
6703 6891
6704 2020
6705 4323
6706 5481
6707 2073
6708 6023
6709 6244
6710 3003
6711 5931
6712 3948
6713 6282
6714 209
6715 252
6716 5505
6717 5816
6718 390
6719 6579
6720 5350
6721 1788
6722 3994
6723 59
6724 4444
6725 33
6726 4107
6727 1979
6728 5572
6729 2901
6730 1884
6731 966
6732 3198
6733 4195
6734 6999
6735 6969
6736 1134
6737 6727
6738 5725
6739 4559
6740 4492
6741 3936
6742 20
6743 730
6744 1657
6745 7066
6746 1447
6747 3164
6748 4230
6749 5442
6750 2720
6751 7064
6752 815
6753 2495
6754 6433
6755 2231
6756 5854
6757 511
6758 1259
6759 5409
6760 6719
6761 318
6762 4555
6763 4796
6764 2941
6765 3328
6766 325
6767 6501
6768 4067
6769 2075
6770 6961
6771 3122
6772 3281
6773 952
6774 4227
6775 1560
6776 4318
6777 6577
6778 2534
6779 2769
6780 283
6781 2097
6782 6596
6783 1216
6784 4702
6785 5348
6786 1801
6787 603
6788 6290
6789 4506
6790 5030
6791 5060
6792 144
6793 1964
6794 2988
6795 7025
6796 6067
6797 4691
6798 108
6799 4843
6800 810
6801 4156
6802 638
6803 3269
6804 255
6805 1786
6806 528
6807 5314
6808 630
6809 2454
6810 5164
6811 4752
6812 6824
6813 4898
6814 2874
6815 161
6816 3527
6817 2232
6818 4860
6819 3237
6820 5206
6821 292
6822 5799
6823 4685
6824 899
6825 984
6826 1787
6827 7090
6828 2735
6829 5360
6830 3446
6831 188
6832 5700
6833 3559
6834 1416
6835 2371
6836 5208
6837 5559
6838 2003
6839 828
6840 6185
6841 341
6842 200
6843 3707
6844 2066
6845 1229
6846 1967
6847 6762
6848 544
6849 4649
6850 6595
6851 1149
6852 2593
6853 7030
6854 6399
6855 1279
6856 564
6857 2812
6858 6055
6859 883
6860 2778
6861 5261
6862 1384
6863 6480
6864 3290
6865 1400
6866 1975
6867 5189
6868 6857
6869 2389
6870 6572
6871 5794
6872 1436
6873 1992
6874 4066
6875 2858
6876 3006
6877 5832
6878 5293
6879 1121
6880 3209
6881 6258
6882 2191
6883 6291
6884 1389
6885 3230
6886 4855
6887 6486
6888 2656
6889 5803
6890 4715
6891 535
6892 2829
6893 5881
6894 4549
6895 794
6896 1214
6897 6007
6898 1338
6899 877
6900 4756
6901 2621
6902 2989
6903 3808
6904 304
6905 5369
6906 4052
6907 2421
6908 3519
6909 2378
6910 2396
6911 5620
6912 6568
6913 1505
6914 3160
6915 3760
6916 3995
6917 1036
6918 2663
6919 3912
6920 1554
6921 4799
6922 5844
6923 905
6924 6340
6925 3694
6926 2152
6927 131
6928 3378
6929 941
6930 1789
6931 2992
6932 1737
6933 912
6934 1989
6935 1701
6936 6460
6937 356
6938 4627
6939 2518
6940 6713
6941 6033
6942 1254
6943 2808
6944 3591
6945 5201
6946 4431
6947 2258
6948 3913
6949 4519
6950 3338
6951 4842
6952 6695
6953 5979
6954 6795
6955 759
6956 1087
6957 2967
6958 685
6959 5558
6960 4005
6961 1689
6962 3978
6963 6968
6964 2203
6965 2032
6966 192
6967 1192
6968 2479
6969 1066
6970 6916
6971 2923
6972 3895
6973 6028
6974 5031
6975 4004
6976 841
6977 2846
6978 747
6979 5743
6980 4304
6981 5401
6982 491
6983 6712
6984 1653
6985 3828
6986 979
6987 2487
6988 6684
6989 2775
6990 5511
6991 3582
6992 700
6993 6576
6994 159
6995 1477
6996 5294
6997 929
6998 790
6999 5949
7000 6410
7001 6563
7002 235
7003 616
7004 493
7005 3862
7006 5686
7007 5242
7008 5837
7009 1148
7010 7103
7011 6954
7012 4344
7013 3422
7014 5594
7015 5864
7016 3927
7017 4657
7018 4231
7019 5092
7020 3077
7021 565
7022 3604
7023 6263
7024 4305
7025 4867
7026 2950
7027 4087
7028 116
7029 1454
7030 1588
7031 2252
7032 1772
7033 5627
7034 4280
7035 3490
7036 4721
7037 4574
7038 6443
7039 3902
7040 5668
7041 6216
7042 288
7043 975
7044 2704
7045 2795
7046 1591
7047 6669
7048 4900
7049 5926
7050 5124
7051 3041
7052 3626
7053 6387
7054 4673
7055 5683
7056 1040
7057 2439
7058 5188
7059 6938
7060 4717
7061 2421
7062 5889
7063 407
7064 1713
7065 6297
7066 1111
7067 1550
7068 2669
7069 6278
7070 1865
7071 5760
7072 2173
7073 3562
7074 4449
7075 5985
7076 6348
7077 729
7078 2384
7079 3951
7080 195
7081 3511
7082 4143
7083 3438
7084 7154
7085 6077
7086 3597
7087 3263
7088 3771
7089 7098
7090 7161
7091 2760
7092 1179
7093 2961
7094 4063
7095 5517
7096 1199
7097 7004
7098 2130
7099 2779
7100 3010
7101 5678
7102 4043
7103 412
7104 4454
7105 5063
7106 145
7107 4907
7108 128
7109 6341
7110 3677
7111 2923
7112 2120
7113 2752
7114 2476
7115 6335
7116 2650
7117 2041
7118 6864
7119 6333
7120 721
7121 3179
7122 4897
7123 1917
7124 1
7125 1931
7126 1802
7127 5830
7128 551
7129 4722
7130 2947
7131 5834
7132 1176
7133 4080
7134 5532
7135 5185
7136 1053
7137 5389
7138 6256
7139 876
7140 5088
7141 5077
7142 668
7143 4965
7144 2086
7145 2376
7146 4996
7147 3586
7148 1779
7149 3043
7150 417
7151 6953
7152 2693
7153 2343
7154 3576
7155 1574
7156 2296
7157 437
7158 1244
7159 972
7160 5785
7161 2501
7162 1060
7163 1897
7164 213
7165 3329
7166 763
7167 1323
7168 1135
7169 6024
7170 4055
7171 2069
7172 1490
7173 6639
7174 6332
7175 6793
7176 2038
7177 6354
